56180.0 0.0006
56240.0 0.0004
56300.0 0.0004
56360.0 0.0003
56430.0 0.0003
56490.0 0.0004
56550.0 0.0004
56610.0 0.0003
56670.0 0.0003
56730.0 0.0006
56800.0 0.0006
56860.0 0.0002
56920.0 0.0003
56980.0 0.0005
57050.0 0.0003
57110.0 0.0003
57170.0 0.0002
57230.0 0.0005
57300.0 0.0006
57360.0 0.0006
57420.0 0.0006
57490.0 0.0004
57550.0 0.0004
57620.0 0.0003
57680.0 0.0006
57740.0 0.0002
57810.0 0.0004
57870.0 0.0004
57940.0 0.0011
58000.0 0.0004
58070.0 0.0004
58130.0 0.0006
58200.0 0.0005
58260.0 0.0004
58330.0 0.0004
58390.0 0.0002
58460.0 0.0004
58530.0 0.0011
58590.0 0.0014
58660.0 0.001
58730.0 0.0007
58790.0 0.0004
58860.0 0.0003
58930.0 0.0007
58990.0 0.0002
59060.0 0.0004
59130.0 0.0
59190.0 0.0009
59260.0 0.0011
59330.0 0.0009
59400.0 0.0009
59470.0 0.0009
59530.0 0.0009
59600.0 0.0009
59670.0 0.0007
59740.0 0.0001
59810.0 0.0004
59880.0 0.0001
59950.0 0.001
60020.0 0.0005
60090.0 0.0006
60160.0 0.0006
60230.0 0.0007
60300.0 0.0015
60370.0 0.0013
60440.0 0.0008
60510.0 0.0003
60580.0 0.0006
60650.0 0.0011
60720.0 0.0001
60790.0 0.0008
60860.0 0.0009
60930.0 0.0012
61010.0 0.0009
61080.0 0.0014
61150.0 0.001
61220.0 0.0008
61290.0 0.0007
61370.0 0.0006
61440.0 0.001
61510.0 0.0006
61590.0 0.0006
61660.0 0.0009
61730.0 0.0007
61810.0 0.0005
61880.0 0.0005
61950.0 0.0008
62030.0 0.0009
62100.0 0.001
62180.0 0.0007
62250.0 0.0004
62330.0 0.0004
62400.0 0.0008
62480.0 0.0008
62550.0 0.001
62630.0 0.0016
62700.0 0.001
62780.0 0.0012
62850.0 0.0021
62930.0 0.0017
63010.0 0.0014
63080.0 0.0026
63160.0 0.0023
63240.0 0.0033
63310.0 0.0037
63390.0 0.0059
63470.0 0.0081
63550.0 0.0148
63630.0 0.0275
63700.0 0.0476
63780.0 0.0738
63860.0 0.1067
63940.0 0.1478
64020.0 0.1923
64100.0 0.2376
64180.0 0.284
64260.0 0.3307
64340.0 0.3843
64420.0 0.4428
64500.0 0.4945
64580.0 0.5329
64660.0 0.5565
64740.0 0.572
64820.0 0.5843
64900.0 0.5984
64980.0 0.6183
65060.0 0.6391
65140.0 0.6592
65230.0 0.6794
65310.0 0.6951
65390.0 0.7083
65470.0 0.7206
65560.0 0.7254
65640.0 0.7279
65720.0 0.7323
65810.0 0.7339
65890.0 0.7383
65970.0 0.742
66060.0 0.7427
66140.0 0.743
66230.0 0.7392
66310.0 0.7364
66400.0 0.7357
66480.0 0.7329
66570.0 0.7323
66650.0 0.7298
66740.0 0.7194
66820.0 0.7058
66910.0 0.6935
67000.0 0.6876
67080.0 0.6917
67170.0 0.7055
67260.0 0.7231
67340.0 0.7402
67430.0 0.7515
67520.0 0.7543
67610.0 0.7531
67700.0 0.7531
67780.0 0.7559
67870.0 0.7647
67960.0 0.7745
68050.0 0.7808
68140.0 0.7883
68230.0 0.7953
68320.0 0.7978
68410.0 0.7981
68500.0 0.7991
68590.0 0.8025
68680.0 0.8035
68770.0 0.8016
68860.0 0.8022
68960.0 0.8028
69050.0 0.8016
69140.0 0.7987
69230.0 0.795
69320.0 0.7915
69420.0 0.789
69510.0 0.7899
69600.0 0.7953
69700.0 0.8009
69790.0 0.8038
69890.0 0.8031
69980.0 0.7969
70070.0 0.7852
70170.0 0.7748
70260.0 0.7647
70360.0 0.7622
70450.0 0.7698
70550.0 0.7757
70650.0 0.7798
70740.0 0.7814
70840.0 0.7767
70940.0 0.7713
71030.0 0.7682
71130.0 0.7691
71230.0 0.7742
71330.0 0.7817
71430.0 0.7921
71520.0 0.7981
71620.0 0.7959
71720.0 0.7883
71820.0 0.7789
71920.0 0.7717
72020.0 0.7694
72120.0 0.7726
72220.0 0.7786
72320.0 0.7893
72420.0 0.8025
72520.0 0.8132
72630.0 0.8208
72730.0 0.8239
72830.0 0.823
72930.0 0.8189
73030.0 0.8139
73140.0 0.8091
73240.0 0.8072
73340.0 0.8069
73450.0 0.8076
73550.0 0.811
73660.0 0.8173
73760.0 0.8249
73870.0 0.8312
73970.0 0.8356
74080.0 0.8394
74180.0 0.84
74290.0 0.8372
74400.0 0.8306
74500.0 0.8211
74610.0 0.8135
74720.0 0.8088
74830.0 0.8098
74930.0 0.8202
75040.0 0.8378
75150.0 0.8598
75260.0 0.8775
75370.0 0.8891
75480.0 0.8986
75590.0 0.902
75700.0 0.9039
75810.0 0.9106
75920.0 0.9156
76030.0 0.9209
76140.0 0.9244
76260.0 0.9187
76370.0 0.9099
76480.0 0.9011
76590.0 0.8926
76710.0 0.8923
76820.0 0.9005
76940.0 0.9112
77050.0 0.9238
77160.0 0.9313
77280.0 0.9307
77400.0 0.9257
77510.0 0.9181
77630.0 0.9118
77740.0 0.9093
77860.0 0.909
77980.0 0.9124
78090.0 0.9172
78210.0 0.9181
78330.0 0.9184
78450.0 0.92
78570.0 0.9241
78690.0 0.9332
78810.0 0.9446
78930.0 0.9556
79050.0 0.9635
79170.0 0.9644
79290.0 0.9613
79410.0 0.9546
79530.0 0.9439
79650.0 0.9357
79780.0 0.9329
79900.0 0.9326
80020.0 0.9383
80150.0 0.9465
80270.0 0.9528
80390.0 0.9622
80520.0 0.9685
80640.0 0.9682
80770.0 0.9691
80900.0 0.9685
81020.0 0.9688
81150.0 0.9751
81280.0 0.9814
81400.0 0.988
81530.0 0.9915
81660.0 0.9868
81790.0 0.9805
81920.0 0.9735
82050.0 0.9685
82180.0 0.9666
82310.0 0.972
82440.0 0.9836
82570.0 0.9909
82700.0 0.9943
82830.0 0.9965
82970.0 0.9931
83100.0 0.9893
83230.0 0.9899
83370.0 0.9937
83500.0 0.9962
83640.0 0.9972
83770.0 0.9956
83910.0 0.9858
84040.0 0.9742
84180.0 0.9679
84320.0 0.966
84450.0 0.9707
84590.0 0.9827
84730.0 0.9943
84870.0 1.0
85010.0 0.9997
85150.0 0.9962
85290.0 0.9887
85430.0 0.9808
85570.0 0.9786
85710.0 0.9824
85850.0 0.9861
85990.0 0.9861
86140.0 0.9855
86280.0 0.9852
86420.0 0.9855
86570.0 0.9839
86710.0 0.9798
86860.0 0.9723
87000.0 0.9565
87150.0 0.9354
87300.0 0.9178
87440.0 0.9068
87590.0 0.9017
87740.0 0.9058
87890.0 0.9181
88040.0 0.9332
88190.0 0.9458
88340.0 0.9515
88490.0 0.9499
88640.0 0.9424
88790.0 0.9326
88940.0 0.9272
89100.0 0.9222
89250.0 0.9178
89400.0 0.9156
89560.0 0.9102
89710.0 0.9065
89870.0 0.9049
90030.0 0.902
90180.0 0.8998
90340.0 0.8951
90500.0 0.886
90660.0 0.8765
90810.0 0.8671
90970.0 0.8598
91130.0 0.8564
91290.0 0.8523
91450.0 0.8476
91620.0 0.8419
91780.0 0.8293
91940.0 0.8107
92100.0 0.7852
92270.0 0.7528
92430.0 0.7175
92600.0 0.6778
92760.0 0.6331
92930.0 0.588
93100.0 0.5474
93260.0 0.5102
93430.0 0.474
93600.0 0.4375
93770.0 0.3946
93940.0 0.3455
94110.0 0.2979
94280.0 0.2537
94450.0 0.2138
94630.0 0.1754
94800.0 0.1369
94970.0 0.1024
95150.0 0.0724
95320.0 0.0485
95500.0 0.034
95670.0 0.0247
95850.0 0.0177
96030.0 0.0138
96210.0 0.0104
96380.0 0.008
96560.0 0.0063
96740.0 0.0053
96920.0 0.0024
97110.0 0.004
97290.0 0.0045
97470.0 0.0031
97650.0 0.0021
97840.0 0.0018
98020.0 0.0014
98210.0 0.0014
98400.0 0.002
98580.0 0.0009
98770.0 0.0013
98960.0 0.0011
99150.0 0.0017
99340.0 0.0011
99530.0 0.0019
99720.0 0.0007
99910.0 0.0011
100100.0 0.0005
100300.0 0.0009
100500.0 0.0014
100700.0 0.002
100900.0 0.0019
101100.0 0.0007
101300.0 0.0002
101500.0 0.0002
101700.0 0.0008
101900.0 0.0016
102100.0 0.0016
102300.0 0.002
102500.0 0.0023
102700.0 0.0017
102900.0 0.0015
103100.0 0.0004
