0    20.0464909888075
1    14.9891732400424
2    11.9802133153003
3    10.9756432941379
4    9.99659046618633
5    9.38877127194055
6    9.00233985416247
7    8.44947629436874
8    8.01217294886593
9    7.5951071498716
10    7.23627606616736
11    7.00541704554453
12    6.4915977456675
13    6.0107573988449
14    5.84661374788187
15    5.5297658079491
16    5.22758097312734
17    4.99593346816462
18    4.66451770247093
19    4.42803373660555
20    4.17683491472647
21    4.00794511146527
22    3.70877426464224
23    3.49086136926065
24    3.28303305795652
25    3.00813107163038
26    2.89578500572743
27    2.73314261731872
28    2.57729027160189
29    2.44422570455415
30    2.31611074395689
31    2.2079254723837
32    2.10326965259577
33    2.00202813925285
34    1.90408954353277
35    1.82268925262035
36    1.74357057433086
37    1.66666955611447
38    1.60423452207311
39    1.53123902915761
40    1.49551216649556
41    1.41409822037252
42    1.357576667403
43    1.30237845990597
44    1.24847261424514
45    1.206258080781
46    1.15460271236022
47    1.11415056376538
48    1.07445789454767
49    1.03551044566414
50    0.99729422578194
51    0.950531351585033
52    0.923000816177909
53    0.886896937575248
54    0.851470900624649
55    0.816709979011851
56    0.791068248946339
57    0.757441372615853
58    0.732636182022312
59    0.700106353718523
60    0.676110411213478
61    0.644641840684537
62    0.621428745242514
63    0.598543288187567
64    0.575980845107887
65    0.546392183141022
66    0.524565820433923
67    0.503047523244883
68    0.481832943420951
69    0.460917794180647
70    0.440297849247743
71    0.419968941997267
72    0.399926964613563
73    0.380167867260239
74    0.360687657261817
75    0.347853841858178
76    0.328829724205954
77    0.310074120127834
78    0.297717684517447
79    0.27335334657844
80    0.261343256161012
81    0.24354018155467
82    0.225988386260198
83    0.214425035514495
84    0.19728418237601
85    0.180385261705749
86    0.169252033243611
87    0.152748768902381
88    0.141876203969562
89    0.125759332411261
90    0.109869940458825
91    0.0994018026302219
92    0.0838844307974793
93    0.0736613846564387
94    0.058507322794513
95    0.0485236299818059
96    0.0337243718735154
97    0.0239744283827625
98    0.00952166696794476
99    2.22044604925031e-16
